Chromosome	Range	SNPs	SNP_density	Missing	%_missing	Missing_density	Overall_gene_density	IG_C_gene	IG_C_pseudogene	IG_D_gene	IG_J_gene	IG_J_pseudogene	IG_V_gene	IG_V_pseudogene	IG_pseudogene	Mt_rRNA	Mt_tRNA	TEC	TR_C_gene	TR_D_gene	TR_J_gene	TR_J_pseudogene	TR_V_gene	TR_V_pseudogene	lncRNA	miRNA	misc_RNA	polymorphic_pseudogene	processed_pseudogene	protein_coding	pseudogene	rRNA	rRNA_pseudogene	ribozyme	sRNA	scRNA	scaRNA	snRNA	snoRNA	transcribed_processed_pseudogene	transcribed_unitary_pseudogene	transcribed_unprocessed_pseudogene	translated_processed_pseudogene	translated_unprocessed_pseudogene	unitary_pseudogene	unprocessed_pseudogene	vaultRNA
1	248484530	46662	0.000187786338248099	335	0.72%	1.34817245966982e-06	2.18363694512491e-05	0	0	0	0	0	0	4.02439540199947e-09	0	0	0	1.36829443667982e-07	0	0	0	0	0	0	5.65829993521126e-06	6.19756891907919e-07	7.72683917183899e-07	2.81707678139963e-08	3.54951674456353e-06	8.22988859708892e-06	2.01219770099974e-08	8.85366988439884e-08	1.93170979295975e-07	0	0	0	5.63415356279926e-08	8.77318197635885e-07	2.73658887335964e-07	1.5292702527598e-07	7.24391172359905e-08	2.65610096531965e-07	0	0	3.62195586179953e-08	8.00854684997895e-07	0
2	243030086	46128	0.000189803660769803	259	0.56%	1.06571167489115e-06	1.72653520766149e-05	4.11471689147162e-09	0	0	2.05735844573581e-08	0	1.89276977007694e-07	1.85162260116223e-07	0	0	0	2.13965278356524e-07	0	0	0	0	0	0	5.10636366231628e-06	4.73192442519236e-07	7.24190172899005e-07	1.64588675658865e-08	3.09426710238666e-06	5.13105196366511e-06	4.11471689147162e-09	8.22943378294324e-09	1.64588675658865e-07	0	0	4.11471689147162e-09	2.88030182403013e-08	6.46010551961044e-07	2.63341881054184e-07	9.46384885038472e-08	1.64588675658865e-08	2.18079995247996e-07	0	0	2.46883013488297e-08	6.33666401286629e-07	0
3	197770347	38517	0.000194756193657283	227	0.59%	1.14779593322957e-06	1.60034102584651e-05	0	0	0	0	0	0	0	0	0	0	1.31465613497659e-07	0	0	0	0	0	0	4.33330887567285e-06	4.75298756491538e-07	6.77553546487937e-07	1.51691092497299e-08	3.089441917195e-06	5.41537200215359e-06	0	5.05636974990998e-09	1.46634722747389e-07	0	5.05636974990998e-09	0	1.011273949982e-08	6.52271697738387e-07	2.83156705994959e-07	1.0618376474811e-07	9.10146554983796e-08	1.2640924374775e-07	0	0	3.03382184994599e-08	4.09565949742708e-07	0
4	190879715	33915	0.000177677339889155	227	0.67%	1.18923061049206e-06	1.38778497233192e-05	0	0	0	0	0	0	0	0	0	0	1.88600449241031e-07	0	0	0	0	0	0	4.13873208056707e-06	3.24811884803998e-07	5.44845742251868e-07	5.23890136780642e-09	2.9337847659716e-06	3.92917602585482e-06	5.23890136780642e-09	1.04778027356128e-08	1.20494731459548e-07	5.23890136780642e-09	0	0	5.23890136780642e-09	6.07712558665545e-07	1.57167041034193e-07	1.62405942401999e-07	2.61945068390321e-08	9.43002246205156e-08	0	0	0	6.18190361401158e-07	0
5	180665210	34387	0.000190335482963211	243	0.71%	1.34502929479339e-06	1.62455184371136e-05	0	0	0	0	0	0	0	0	0	0	3.92992098478728e-07	0	0	0	0	0	0	5.17531847996634e-06	3.98527198457301e-07	6.53141797471688e-07	0	3.29338448725131e-06	4.83214228129478e-06	0	5.53509997857363e-09	1.38377499464341e-07	0	0	0	0	5.53509997857363e-07	2.10333799185798e-07	8.30264996786044e-08	2.21403999142945e-08	1.43912599442914e-07	5.53509997857363e-09	0	2.76754998928681e-08	3.0443049882155e-07	5.53509997857363e-09
6	170751960	40384	0.000236506802030267	791	1.96%	4.63245048548784e-06	1.789730554191e-05	0	0	0	0	0	0	0	0	0	0	2.04975685198577e-07	0	0	0	0	0	0	4.83742617068642e-06	3.92382025951562e-07	6.14927055595731e-07	5.85644814853077e-09	3.70127522987145e-06	6.13170121151172e-06	0	5.85644814853077e-09	1.522676518618e-07	0	0	0	5.85644814853077e-09	6.26639951892792e-07	2.284014777927e-07	1.58124100010331e-07	2.92822407426538e-08	1.63980548158862e-07	0	0	2.34257925941231e-08	6.14927055595731e-07	0
7	159074285	33053	0.000207783426466446	307	0.93%	1.92991595090306e-06	1.89156908673203e-05	0	0	0	0	0	0	0	0	0	0	2.45168475847621e-07	2.51454847023201e-08	6.28637117558001e-09	1.1944105233602e-07	0	3.58323157008061e-07	1.0686830998486e-07	4.51361450406645e-06	4.90336951695241e-07	8.98951078107942e-07	6.28637117558001e-09	3.59580431243177e-06	5.75831599683129e-06	1.885911352674e-08	6.28637117558001e-09	1.5087290821392e-07	0	6.28637117558001e-09	0	0	5.28055178748721e-07	2.45168475847621e-07	9.42955676337002e-08	4.40045982290601e-08	5.34341549924301e-07	0	6.28637117558001e-09	6.28637117558001e-08	1.09382858455092e-06	0
8	146131430	30268	0.000207128610183312	166	0.55%	1.1359637006221e-06	1.69573376514553e-05	0	0	0	0	0	0	6.84315482302472e-09	0	0	0	2.05294644690742e-07	0	0	0	0	0	0	5.67981850311052e-06	6.02197624426176e-07	5.54295540665003e-07	1.36863096460494e-08	3.1820669927065e-06	4.67387474412589e-06	0	6.84315482302472e-09	1.91608335044692e-07	0	0	0	0	5.74825005134077e-07	2.25824109159816e-07	1.02647322345371e-07	4.79020837611731e-08	1.23176786814445e-07	0	0	2.05294644690742e-08	7.45903875709695e-07	0
9	141019904	26586	0.000188526578489232	164	0.62%	1.16295640082126e-06	1.64657607482132e-05	0	7.09119756598331e-09	0	0	0	0	2.83647902639332e-08	0	0	0	1.41823951319666e-07	0	0	0	0	7.09119756598331e-09	4.96383829618832e-08	3.92143225398877e-06	5.88569397976615e-07	6.80754966334398e-07	7.09119756598331e-09	3.19103890469249e-06	5.53113410146698e-06	7.09119756598331e-09	7.09119756598331e-09	1.276415561877e-07	1.41823951319666e-08	0	0	7.09119756598331e-09	4.60927841788915e-07	2.19827124545483e-07	1.77279939149583e-07	2.83647902639332e-08	3.40377483167199e-07	0	0	2.83647902639332e-08	8.93490893313897e-07	0
10	135397176	29210	0.000215735666451418	174	0.6%	1.2851080439078e-06	1.71938593460768e-05	0	0	0	0	0	0	7.38567841326321e-09	0	0	0	2.2895603081116e-07	0	0	0	0	0	0	5.12566081880467e-06	5.09611810515162e-07	6.57325378780426e-07	1.47713568265264e-08	3.11675629039708e-06	5.39154524168215e-06	7.38567841326321e-09	0	2.14184673984633e-07	1.47713568265264e-08	0	0	0	6.35168343540636e-07	1.99413317158107e-07	9.60138193724218e-08	4.43140704795793e-08	2.95427136530529e-07	0	0	1.47713568265264e-08	6.2039698671411e-07	0
11	134746503	29326	0.000217638301158732	219	0.75%	1.62527408967341e-06	2.48318132604896e-05	0	0	0	0	0	0	0	0	0	0	5.64022058516799e-07	0	0	0	0	0	0	5.87028221429984e-06	7.56976973272546e-07	7.19870258896441e-07	5.19494001265473e-08	3.45092443697778e-06	9.71453782366434e-06	0	1.48426857504421e-08	1.63269543254863e-07	7.42134287522104e-09	1.48426857504421e-08	0	2.22640286256631e-08	5.19494001265473e-07	3.85909829511494e-07	1.33584171753979e-07	5.93707430017683e-08	3.93331172386715e-07	0	0	6.67920858769893e-08	1.92212780468225e-06	0
12	133646734	28451	0.000212882119513673	191	0.67%	1.42914079740998e-06	2.2783946220489e-05	0	0	0	0	0	0	0	0	0	0	7.40758842636589e-07	0	0	0	0	0	0	6.98109091090845e-06	5.6866335394324e-07	8.60477443466744e-07	0	3.62148767511221e-06	7.72933216609693e-06	0	0	2.02025138900888e-07	0	0	0	1.49648251037695e-08	7.40758842636589e-07	2.76849264419735e-07	2.24472376556542e-07	4.48944753113084e-08	2.09507551452773e-07	0	0	4.48944753113084e-08	5.23768878631931e-07	0
13	96003437	21678	0.000225804415731491	147	0.68%	1.53119518002257e-06	1.41453269011608e-05	0	0	0	0	0	0	0	0	0	0	2.91656224766203e-07	0	0	0	0	0	0	4.9060743523172e-06	4.16651749666004e-07	7.81222030623758e-07	0	2.93739483514533e-06	3.34363029106968e-06	0	0	1.45828112383101e-07	0	0	0	0	3.95819162182704e-07	1.77076993608052e-07	8.33303499332008e-08	1.04162937416501e-08	2.18742168574652e-07	0	0	2.08325874833002e-08	4.16651749666004e-07	0
14	88218743	18696	0.000211927753266673	131	0.7%	1.48494521169951e-06	2.54821132511489e-05	1.02019136681646e-07	2.2670919262588e-08	3.06057410044938e-07	6.8012757787764e-08	3.4006378893882e-08	5.44102062302112e-07	8.95501310872226e-07	1.1335459631294e-08	0	0	2.2670919262588e-07	2.2670919262588e-08	3.4006378893882e-08	6.8012757787764e-07	4.5341838525176e-08	5.44102062302112e-07	1.02019136681646e-07	6.64257934393828e-06	1.11087504386681e-06	8.95501310872226e-07	4.5341838525176e-08	3.51399248570114e-06	6.91463037508934e-06	1.1335459631294e-08	0	1.02019136681646e-07	2.2670919262588e-08	0	0	2.2670919262588e-08	7.02798497140228e-07	8.16153093453168e-07	3.06057410044938e-07	4.5341838525176e-08	1.81367354100704e-07	0	0	0	5.1009568340823e-07	0
15	82237259	18281	0.000222295833084612	131	0.72%	1.5929519246258e-06	2.67640243213845e-05	0	0	6.07996917796105e-08	0	0	4.86397534236884e-08	6.07996917796105e-08	0	0	0	5.71517102728339e-07	0	0	0	0	0	0	8.36603758887441e-06	8.39035746558625e-07	1.11871432874483e-06	0	3.41694267801411e-06	7.28380307519734e-06	1.21599383559221e-08	0	1.45919260271065e-07	0	0	0	3.64798150677663e-08	7.66076116423092e-07	1.38623297257512e-06	3.64798150677663e-07	3.64798150677663e-08	8.26875808202703e-07	0	0	0	1.42271278764289e-06	0
16	90058175	19199	0.000213184422180441	187	0.97%	2.07643559288205e-06	2.81928875418584e-05	0	0	0	0	0	6.66236019106539e-08	8.88314692142051e-08	0	0	0	1.45461530838261e-06	0	0	0	0	0	0	9.28288853288444e-06	8.661068248385e-07	5.66300616240558e-07	1.11039336517756e-08	2.78708734659569e-06	9.41613573670575e-06	1.11039336517756e-08	0	3.44221943205045e-07	0	0	0	1.11039336517756e-08	5.77404549892333e-07	3.66429810508596e-07	2.66494407642615e-07	6.66236019106539e-08	6.44028151802987e-07	1.11039336517756e-08	0	9.99354028659808e-08	1.25474450265065e-06	0
17	81046319	18741	0.000231238139267004	230	1.23%	2.83788335902091e-06	3.60411186595655e-05	0	0	0	0	0	0	0	0	0	0	1.11047609700818e-06	0	0	0	0	0	0	1.01423483526747e-05	1.23386233000909e-06	1.19684646010882e-06	2.46772466001818e-08	3.71392561332736e-06	1.38686125893022e-05	0	3.70158699002727e-08	1.85079349501364e-07	0	0	0	6.16931165004545e-08	1.06112160380782e-06	6.29269788304636e-07	5.18222178603818e-07	7.40317398005454e-08	8.76042254306454e-07	0	0	6.16931165004545e-08	1.24620095330918e-06	0
18	78004031	16489	0.000211386511550922	86	0.52%	1.10250712556124e-06	1.52812615542907e-05	0	1.28198502972237e-08	0	0	0	0	0	0	0	0	5.64073413077845e-07	0	0	0	0	0	0	6.32018619653131e-06	4.48694760402831e-07	5.1279401188895e-07	0	2.64088916122809e-06	3.28188167608928e-06	0	0	1.66658053863909e-07	0	1.28198502972237e-08	0	2.56397005944475e-08	5.76893263375068e-07	2.17937455052804e-07	1.92297754458356e-07	2.56397005944475e-08	7.69191017833424e-08	0	0	2.56397005944475e-08	1.79477904161132e-07	0
19	58828102	13002	0.000221016819478555	220	1.69%	3.73970929743747e-06	5.05200728726553e-05	0	0	0	0	0	0	0	0	0	0	1.20690618235482e-06	0	0	0	0	0	0	1.12021292136877e-05	2.37981500746021e-06	1.03691939610766e-06	3.39973572494316e-08	4.40265776380139e-06	2.49880575783322e-05	0	1.69986786247158e-08	2.20982822121305e-07	0	0	0	0	4.75963001492042e-07	3.73970929743747e-07	4.4196564424261e-07	8.49933931235789e-08	9.51926002984084e-07	0	1.69986786247158e-08	6.79947144988631e-08	2.61779650820623e-06	0
20	62897048	14494	0.000230440067711922	86	0.59%	1.36731377281808e-06	2.17975253782976e-05	0	0	0	0	0	0	0	0	0	0	1.43090976225148e-07	0	0	0	0	0	0	6.66167989314856e-06	5.88262902258942e-07	1.06523282300944e-06	0	3.03670849544481e-06	7.99719567124994e-06	0	7.9494986791749e-08	2.38484960375247e-07	0	0	0	1.58989973583498e-08	6.99555883767391e-07	3.97474933958745e-07	7.9494986791749e-08	6.35959894333992e-08	1.90787968300197e-07	0	0	1.58989973583498e-08	5.24666912825543e-07	0
21	37608867	8461	0.000224973541478928	51	0.6%	1.35606318584391e-06	1.96230319833884e-05	0	0	0	0	0	2.65894742322336e-08	0	0	0	0	2.39305268090102e-07	0	0	0	0	0	0	7.76412647581221e-06	5.31789484644672e-07	3.45663165019037e-07	0	3.13755795940356e-06	5.76991590839469e-06	2.65894742322336e-08	0	1.32947371161168e-07	0	0	0	0	5.31789484644672e-07	3.45663165019037e-07	5.31789484644672e-08	0	1.06357896928934e-07	0	0	0	6.11557907341372e-07	0
22	35156270	9098	0.000258787408334274	97	1.07%	2.75910954148435e-06	3.820086715684e-05	1.13777713050901e-07	1.42222141313626e-07	0	1.99110997839077e-07	0	1.05244384572083e-06	1.22311041529719e-06	0	0	0	2.84444282627253e-07	0	0	0	0	0	0	1.08088827398356e-05	1.30844370008536e-06	1.76355455228897e-06	8.53332847881758e-08	4.12444209809516e-06	1.25724372921246e-05	0	0	1.42222141313626e-07	0	0	0	8.53332847881758e-08	6.54221850042681e-07	3.12888710889978e-07	1.99110997839077e-07	8.53332847881758e-08	1.10933270224628e-06	0	0	1.42222141313626e-07	1.79199898055169e-06	0
MT	16544	5075	0.306757736943907	215	4.24%	0.0129956479690522	0.00223646034816248	0	0	0	0	0	0	0	0	0.000120889748549323	0.00132978723404255	0	0	0	0	0	0	0	0	0	0	0	0	0.0007857833655706	0	0	0	0	0	0	0	0	0	0	0	0	0	0	0	0	0
X	155054474	19478	0.000125620367458729	311	1.6%	2.00574670292971e-06	1.54397350701406e-05	0	0	0	0	0	0	0	0	0	0	1.03189540986737e-07	0	0	0	0	0	0	1.97994931768302e-06	7.48124172153846e-07	6.44934631167108e-07	6.44934631167108e-09	4.54033980341644e-06	5.41100155549204e-06	1.28986926233422e-08	1.93480389350133e-08	1.28986926233422e-07	0	0	0	6.44934631167108e-09	5.41745090180371e-07	2.9666993033687e-07	8.38415020517241e-08	1.93480389350133e-08	1.28986926233422e-07	0	0	3.22467315583554e-08	7.35225479530504e-07	0
Y	56383115	2302	4.08278258482172e-05	1000	43.44%	1.77358061894949e-05	9.25809083091631e-06	0	0	0	0	0	0	0	0	0	0	0	0	0	0	0	0	0	1.15282740231717e-06	0	1.24150643326464e-07	0	2.34112641701332e-06	8.51318697095753e-07	0	0	1.24150643326464e-07	0	0	0	0	3.01508705221412e-07	5.32074185684846e-08	8.86790309474743e-08	0	5.8528160425333e-07	0	0	0	3.63584026884644e-06	0
