average_scaled_overlap
0.485024
0.493072538549229
0.461119155233791
0.46916385016899
0.517206623470122
0.485247475252475
0.493286405631324
0.461323414721939
0.389358502639578
0.39739166949949
0.445422915416917
0.413452240507088
0.421479644885228
0.469505128666547
0.51752869196625
0.56555033489953
0.573570057581574
0.581587860127557
0.389603742652645
0.397617705271997
0.44562974810076
0.453639871254073
0.501648074847067
0.509654358994862
0.47765872381257
0.485661169415292
0.533661695918123
0.541660303436144
0.469656992084433
0.477651761978053
0.445644613232061
0.453635545961504
0.46162456028142
0.469611656306838
0.477596834152776
0.445580093934246
0.413561435766248
0.421540859763775
0.349518366041808
0.357493954715322
0.365467625899281
0.413439379708639
0.461409216258343
0.46937713566333
0.477343138038526
0.485307223498851
0.453269392159214
0.501229644134514
0.429187979539642
0.47714439848948
0.485098901098901
0.533051487482768
0.581002157755934
0.628950912033245
0.596897750429536
0.484842673059634
0.492785680038357
0.540726771480512
0.508665947500899
0.556603208214307
0.484538553735517
0.412471984179301
0.460403499660421
0.46833310029363
0.516260786193672
0.564186557475282
0.612110414253186
0.5400323566421
0.507952384756731
0.475870498711778
0.523786698621929
0.531700984601865
0.579613356766257
0.587523815229765
0.395432360107042
0.443338991512731
0.491243709561467
0.539146514367874
0.507047406046567
0.434946384712155
0.442843450479233
0.410738603462391
0.418631843776207
0.426523171535251
0.434412586854085
0.48230008984726
0.530185680629318
0.498069359314792
0.425951126018208
0.39383098085408
0.441708923936914
0.449584955381206
0.417459075301445
0.425331283812109
0.433201581027668
0.481069967062581
0.4489364420313
0.456801006048266
0.464663659227913
0.392524401684664
0.400383233532934
0.448240154887128
0.456095165861642
0.463948266570864
0.471799457129171
0.519648737650933
0.567496108250509
0.53534156904225
0.543185120140496
0.591026761659582
0.51886649371383
0.526704316417553
0.534540229885057
0.542374234230639
0.510206329568584
0.47803651601317
0.445864793678665
0.49369116267933
0.381515623129415
0.389338175143159
0.357158818834796
0.404977554318549
0.412794381708631
0.460609301119247
0.508422312664592
0.516233416458853
0.524042612616207
0.571849901250823
0.619655282476859
0.547458756408466
0.515260323159785
0.443059982844946
0.370857735578074
0.338653581473281
0.346447520644672
0.394239553206343
0.442029679272379
0.489817898956858
0.537604212373848
0.545388619637408
0.553171120861588
0.560951716160428
0.60873040564796
0.616507189438207
0.624282067645182
0.59205504038289
0.599826107765325
0.607595269906475
0.535362526920316
0.463127878920816
0.430891326021934
0.43865286833762
0.406412505981815
0.334170239068451
0.381926067711449
0.429679992024723
0.477432012122179
0.48518212811771
0.452930340125204
0.420676648258538
0.468421052631579
0.516163553358187
0.523904150552211
0.491642844327492
0.459379634797863
0.507114522077145
0.394847506279153
0.402578587517691
0.370307765906554
0.378035041559529
0.425760414590393
0.393483885112914
0.361205453240852
0.408925119087956
0.456642882767967
0.504358744394619
0.512072704081633
0.519784761942723
0.567494918091594
0.535203172641942
0.542909525707453
0.590613977401805
0.518316527838667
0.486017177131698
0.493715925394548
0.381412772740859
0.389107719284263
0.396800765138382
0.444491910416833
0.452181155233218
0.499868499701136
0.547553943934171
0.515237488045904
0.522919132149901
0.570598876359724
0.578276720788923
0.50595266555104
0.513626710759607
0.521298856528149
0.488969102970179
0.456637450199203
0.504303898328719
0.551968447472212
0.479631097743163
0.487291849255039
0.534950702121303
0.462607656455404
0.470262712370785
0.47791586998088
0.485567129399112
0.453216490738897
0.50086395411364
0.46850951963674
0.356153187421584
0.403794957581551
0.411434830230011
0.459072805480325
0.466708883445845
0.514343064239914
0.521975347975866
0.529605734767025
0.537234224726708
0.464860817968221
0.472485514604862
0.44010831474992
0.447729218516675
0.495348226018397
0.502965337368348
0.47058055267978
0.438193872065938
0.445805295640056
0.493414823515359
0.501022455805065
0.54862819262238
0.516232034080503
0.523833980292625
0.531434031371924
0.539032187431574
0.466628448584737
0.434222814944565
0.441815286624204
0.409405863736789
0.416994546395446
0.464581334713293
0.432166228803439
0.359749228778983
0.367330334753015
0.374909546838617
0.422486865148862
0.470062289796812
0.477635820895522
0.485207458558039
0.492777202897397
0.500345054026625
0.547911012058742
0.515475077106756
0.523037249283668
0.530597528702469
0.538155915476143
0.545712409717662
0.473267011539992
0.400819721056087
0.448370538378895
0.455919463621352
0.463466496896387
0.47101163831692
0.478554887995862
0.526096246046114
0.493635712580568
0.461173287712109
0.468708971553611
0.516242764217939
0.52377466581795
0.531304676466493
0.578832796276405
0.586359025360517
0.593883363831649
0.561405811802614
0.488926369386213
0.496445036695241
0.503961813842482
0.391476700940713
0.438989698102701
0.446500805441203
0.454010023068968
0.421517351098737
0.429022789643241
0.436526338815201
0.484027998727331
0.531527769492334
0.539025651222907
0.546521644031735
0.594015748031496
0.521507963334858
0.52899829005448
0.576486728303012
0.463973278193097
0.431457939837366
0.318940713348443
0.326421598838943
0.333900596421471
0.341377706208624
0.38885292831299
0.436326262847146
0.443797709923664
0.491267269655104
0.538734942154017
0.546200727532948
0.593664625904429
0.561126637380986
0.528586762075134
0.376045000099382
0.383501351566227
0.430955816588158
0.478408395277656
0.485859087747193
0.53330789410923
0.460754814476221
0.468199848960611
0.475642997674835
0.52308426073132
0.490523638242483
0.537961130320734
0.585396737078473
0.55283045862809
0.400262295081967
0.407692246552478
0.415120313151986
0.422546494992847
0.389970792187407
0.437393204848003
0.484813733086964
0.49223237701661
0.53964913674925
0.547064012397187
0.554477004072713
0.601888111888112
0.609297335955659
0.53670467638762
0.504110133296251
0.391513706793802
0.438915396992511
0.446315204004609
0.373713127942316
0.421109168917845
0.468503327043401
0.515895602431176
0.483285995193358
0.530674505442123
0.498061133289638
0.545445878848064
0.552828742229549
0.560209723546235
0.527588822910254
0.494966040433729
0.502341376228776
0.469714830407499
0.477086403081995
0.444456094364351
0.411823904366648
0.419189833200953
0.466553880979329
0.433916047813828
0.481276333816492
0.528634739099357
0.495991263774447
0.543345907953778
0.51069867174936
0.518049555273189
0.485398558637257
0.452745681953544
0.420090925334022
0.387434288890654
0.354775772735394
0.402115376980188
0.409453101736973
0.376788947117675
0.424122913234214
0.431455000198499
0.478785208122432
0.486113537117904
0.493439987296798
0.50076455877099
0.468087251652343
0.515408066052715
0.522727002083954
0.570044059857897
0.617359239486375
0.54467254108121
0.591983964754212
0.559293510617186
0.446601178781925
0.413906969360216
0.421210882463834
0.468512918204548
0.435813076694116
0.443111358044289
0.450407762366808
0.497702289773404
0.504994940375801
0.512285714285714
0.439574611614849
0.446861632474902
0.454146776977561
0.421430045234505
0.468711437357405
0.515990953457922
0.563268593647708
0.530544358038407
0.497818246741653
0.505090259869074
0.432360397532285
0.479628659842895
0.486895046912503
0.4141595588527
0.421422195775067
0.468682957791177
0.515941845012595
0.523198857550875
0.530453995517563
0.537707259024197
0.584958648182305
0.512208163103407
0.439455803899014
0.486701570680628
0.413945463559742
0.42118748264784
0.468427628056398
0.475665899896883
0.482902298280751
0.490136823319453
0.497369475124427
0.504600253807107
0.471829159478913
0.439056192251259
0.486281352235551
0.493504639543183
0.460726054285544
0.507945596574012
0.475163266519955
0.442379064234734
0.449592989829702
0.496805043416201
0.464015225105565
0.391223535009119
0.43842997323818
0.485634539904056
0.492837235118045
0.500038058991437
0.507237011635513
0.554434093161546
0.601629303680799
0.488822643304527
0.376014112143976
0.383203710310382
0.390391437914974
0.397577295068971
0.444761281883584
0.411943398470015
0.419123644939456
0.426302021403092
0.473478527972097
0.520653164757639
0.567825931870876
0.534996829422955
0.462165857525017
0.469333016288194
0.476498305823607
0.483661726242371
0.490823277655591
0.537982960174361
0.50514077390977
0.552296718972896
0.559450795474808
0.486603003526568
0.453753343239227
0.500901814723829
0.548048418091408
0.475193153452989
0.52233602091959
0.489477020602219
0.536616152611874
0.503753417059546
0.550888814056217
0.438022343712859
0.405154006140438
0.412283801449907
0.459411729752213
0.506537791158295
0.473661985779081
0.44078431372549
0.407904775108435
0.455023370038818
0.502140098627533
0.509254960985464
0.436367957223487
0.483479087452471
0.450588351783274
0.417695750326746
0.464801283193727
0.47190495049505
0.519006752341538
0.526106688844006
0.533204760113261
0.500300966260098
0.467395307395307
0.474487783629668
0.48157839507395
0.488667141838917
0.45575402403532
0.462839041773906
0.46992219516541
0.477003484320558
0.484082909350068
0.531160470364651
0.538236167475007
0.465310000791828
0.472381970425797
0.519452076487589
0.526520319087868
0.533586698337292
0.540651214346509
0.507713867226159
0.474774657086871
0.481833584039268
0.488890648193963
0.49594584966156
0.422999188552655
0.430050664977834
0.357100279047676
0.364148030872749
0.411193920563614
0.418237948230824
0.465280113984921
0.472320417936439
0.519358860195904
0.486395440873833
0.493430160080733
0.460463017927104
0.507494014523437
0.474523149980214
0.481550424407906
0.48857583791698
0.49559939061789
0.542621082621083
0.549640914036997
0.556658884976061
0.563674995548697
0.450689245865316
0.457701636036321
0.424712166172107
0.431720836383059
0.478727646779554
0.52573259747196
0.532735688570637
0.499736920185936
0.466736292428198
0.473733805407758
0.480729459234938
0.527723254020056
0.494715189873418
0.501705266905322
0.508693485226059
0.515679844945909
0.482664346175144
0.409646989024028
0.456627773602816
0.383606700021753
0.350583768391077
0.357558978821017
0.404532331421792
0.451503826303613
0.498473463576683
0.505441243351195
0.552407165737335
0.599371230845279
0.646333438785195
0.61329378966724
0.580252283601566
0.507208920698313
0.554163701067616
0.481116624819596
0.448067692064371
0.455016902912046
0.461964257472719
0.428909755856479
0.435853398173408
0.442795184533576
0.449735115047047
0.456673189823875
0.463609408974106
0.430543772607776
0.477476280834915
0.484406933765541
0.451335731509665
0.45826267417729
0.505187761878409
0.472110994723007
0.47903237282106
0.525951896282535
0.412869565217391
0.459785379735578
0.466699339947038
0.513611445961702
0.560521697889495
0.527430095840332
0.53433663992412
0.501241330250756
0.46814416693013
0.435045150072122
0.481944279786603
0.488841556183438
0.535736979372481
0.542630549463577
0.509522266566563
0.556412130791267
0.563300142247511
0.610186301045103
0.497070607293848
0.463953061103538
0.430833662583959
0.397712411844886
0.404589308996089
0.371464354147324
0.338337547408344
0.385208888888889
0.432078378698692
0.438946016947479
0.485811803744963
0.452675739200853
0.499537823424847
0.546398056526634
0.513256438615895
0.520112969802303
0.566967650195521
0.453820479905204
0.460671459040999
0.507520587712542
0.514367866029464
0.401213294101384
0.448056872037915
0.494898599948658
0.461738477943209
0.428576506131153
0.475412684622068
0.442247013525521
0.449079492951072
0.495910123008273
0.542738903806666
0.589565835455784
0.556390918065153
0.603214151744289
0.570035536602701
0.536855072749887
0.423672760295337
0.430488599348534
0.477302590018951
0.484114732416053
0.490925026649295
0.417733472828125
0.424540071061982
0.431344821460295
0.438147724132486
0.404948779187968
0.411747986736144
0.458545346886411
0.505340859748155
0.552134525430754
0.598926344043578
0.605716315695988
0.532504440497336
0.539290718556966
0.386075149984212
0.392857734888402
0.399638473378853
0.446417365564874
0.453194411555766
0.45996961146082
0.466742965389321
0.513514473450542
0.520284135753749
0.5270519524082
0.533817923523144
0.540582049207821
0.547344329571462
0.474104764723291
0.400863354772521
0.447620099828358
0.414375
0.421128055396634
0.467879266127441
0.434628632301592
0.401376154028249
0.408121831416566
0.454865664575689
0.421607653614755
0.468347798642891
0.515086099769217
0.521822557102844
0.488557170752875
0.535289940828402
0.462020867438512
0.46874995069228
0.515477190698775
0.562202587567056
0.488926141406173
0.455647852325169
0.502367720433076
0.549085745838921
0.515801928651719
0.522516268980477
0.489228766934196
0.455939422621865
0.502648236152466
0.429355207634973
0.43606033717835
0.442763624891553
0.48946507088353
0.45616467526322
0.502862438139553
0.509558359621451
0.516252439817827
0.482944678837585
0.489635076789622
0.456323633782825
0.503010349926072
0.469695225328234
0.436378260098173
0.483059454344741
0.489738808176783
0.456416321703134
0.463091995032623
0.469765828274068
0.436437821536278
0.483107974928056
0.489776288558195
0.536442762535478
0.463107396968682

0.463107396968682
0.469770191966573
0.476431147637912
0.483090264091447
0.48974754143592
0.456402979780064
0.463056579232604
0.469708339902254
0.476358261897724
0.523006345327711
0.569652590300905
0.576296996925987
0.542939565311632
0.469580295566502
0.476219187799255
0.482856242118537
0.449491458632987
0.496124837451235
0.462756378681903
0.509386082433604
0.556013948814942
0.482639977934513
0.369264169900904
0.415886524822695
0.462507042808455
0.509125723966747
0.435742568406123
0.402357576235127
0.408970747562297
0.375582082496159
0.422191581145232
0.428799243618027
0.395405070023046
0.442009060468781
0.448611215063717
0.455211533916332
0.501810017135092
0.428406664828455
0.475001477104874
0.44159445407279
0.488185595840636
0.454774902516838
0.501362374209811
0.467948011027964
0.474531813079695
0.481113780473396
0.527693913317449
0.494272211720227
0.540848675790096
0.587423305635411
0.593996101364522
0.560567063085768
0.52713619090748
0.53370348493798
0.500268945285582
0.506832572058592
0.473394365365306
0.519954325314014
0.486512452012993
0.413068745570517
0.419623206094848
0.46617583369424
0.512726628476939
0.519275590551181
0.525822720025196
0.492368017007204
0.538911481605417
0.505453113928037
0.471992914083259
0.39853088217927
0.365067018324247
0.411601322626358
0.458133795193765
0.464664436134619
0.471193245557064
0.477720223569236
0.484245370279259
0.530768685795253
0.497290170225327
0.543809823677582
0.51032764626011
0.476843638080995
0.523357799248313
0.48987012987013
0.456380630054505
0.462889299909488
0.34939613954312
0.395901149063435
0.402404328578455
0.408905678196199
0.415405198024672
0.421902888171874
0.388398748745795
0.434892779854417
0.481384981605713
0.527875354107649
0.53436389746818
0.540850611795255
0.507335497196813
0.473818553780785
0.480299781655094
0.486779180927653
0.493256751706367
0.539732494099134
0.546206408213843
0.552678494158373
0.599148752040596
0.565617181968374
0.572083784049562
0.578548558392007
0.465011505103546
0.431472624292008
0.437931916065213
0.404389380530973
0.410845017797093
0.417298827971368
0.463750811161583
0.430200967475518
0.316649297020942
0.363095799905616
0.369540476237293
0.375983326123717
0.422424349672624
0.468863546991742
0.475300918188789
0.521736463371476
0.488170182647504
0.494602076124567
0.461032143910351
0.507460386112531
0.433886802838776
0.480311394196745
0.526734160294089
0.573155101238451
0.579574217137465
0.585991508098758
0.592406974229945
0.638820615638637
0.605232432432432
0.571642424718924
0.538050592605696
0.464456936200322
0.51086145561037
0.477264150943396
0.483665022306952
0.490064069808577
0.496461293555804
0.502856693656159
0.549250270217156
0.555642023346304
0.562031953151099
0.368420059739035
0.414806343217591
0.381190803694242
0.427573441276454
0.353954256071681
0.400333248187373
0.36671041773097
0.373085764809903
0.419459289531594
0.425830992003458
0.472200872332901
0.478568930627321
0.484935166994106
0.531299581540638
0.497662174374288
0.54402294560242
0.51038189533239
0.516739023671545
0.443094330727223
0.449447816606754
0.455799481417459
0.422149325266652
0.348497348261638
0.394843550509713
0.441187932118165
0.487530493194273
0.493871233845308
0.500210154178533
0.546547254301202
0.512882534320561
0.519215994343847
0.525547634478289
0.531877454831108
0.418205455509515
0.424531636620714
0.470855998271901
0.517178540570262
0.523499263622975
0.529818167537211
0.576135252420131
0.622450518378888
0.508763965520627
0.515075593952484
0.521385403781587
0.567693395115055
0.53399956806
0.500303922723525
0.426606459212722
0.472907177634679
0.479206078096472
0.445503160705171
0.491798425567836
0.418091872791519
0.384383502483265
0.430673314750108
0.436961309699075
0.443247487437186
0.48953184807145
0.495814391708868
0.502095118456435
0.548374028421135
0.594651121709945
0.520926398429833
0.527199858687759
0.493471502590674
0.41974133024552
0.466009341759234
0.47227553723874
0.438539916790957
0.484802480522794
0.491063228541152
0.457322160952923
0.503579277864992
0.429834579384235
0.476088065617519
0.522339736671703
0.488589592653638
0.454837633670166
0.501083859828121
0.507328271234328
0.553570867995605
0.59981165021876
0.566050618010594
0.492287771477899
0.338523110727458
0.344756635866047
0.390988347000432
0.437218244237371
0.483446327683616
0.529672597445907
0.455897053630978
0.502119696345554
0.508340525696352
0.554559541790079
0.520776744733435
0.486992134633113
0.453205711595795
0.379417475728155
0.345627427136861
0.39183556592857
0.358041892209932
0.404246406087587
0.45044910766817
0.456649997058304
0.502849074364606
0.429046339693683
0.435241793152136
0.481435434846554
0.48762726488352
0.49381728336961
0.500005490411389
0.506191886115414
0.552376470588235
0.598559243936393
0.484740206266421
0.490919357684842
0.497096698298173
0.46327222821292
0.469445947535584
0.475617856372655
0.521787954830615
0.567956243015938
0.614122721035091
0.580287388994531
0.506450247000706
0.552611295160057
0.518770533579018
0.564927962364011
0.571083581621452
0.497237391457749
0.543389391979301
0.549539583292499
0.595687965503724
0.561834538719351
0.487979303045745
0.494122258589264
0.420263405456256
0.346402743753062
0.312540273586015
0.358675995061438
0.404809908285647
0.450942013364949
0.417072310405644
0.463200799514021
0.469327480796363
0.515452354358944
0.52157542030803
0.527696678749878
0.453816129790736
0.459933773536846
0.426049610094439
0.352163639569741
0.398275862068966
0.404386277698321
0.410494886564006
0.456601688772212
0.50270668442912
0.508809873640905
0.554911256513733
0.52101083315376
0.527108603667137
0.573204568160003
0.499298726738492
0.465391079508727
0.471481626576824
0.43757036804889
0.443657304031026
0.409742434629321
0.415825759949859
0.421907280098713
0.42798699518195
0.474064905305627
0.440141010575793
0.48621531109849
0.53228780697975
0.538358498325598
0.544427385242049
0.510494467835112
0.476559746210786
0.482623220475062
0.448684890733923
0.414744757093344
0.460802819659291
0.506859078537722
0.472913533834586
0.518966185655826
0.565017034107374
0.571066079295154
0.537113321325084
0.583158760303072
0.509202396335017
0.435244229526811
0.401284259984338
0.447322487813473
0.493358913120081
0.459393536010023
0.425426356589147
0.471457374963296
0.517486591238304
0.523514005519995
0.569539617914187
0.495563428526689
0.5415854374633
0.547605644829813
0.593624050732013
0.519640655275674
0.485655458566564
0.411668460710441
0.457679661813058
0.463689061980155
0.509696661317468
0.515702459930723
0.401706457925636
0.447708655407918
0.453709052483269
0.499707649257382
0.505704445835942
0.551699442324626
0.5176926388291
0.563684035455026
0.489673632308054
0.495661429493827
0.541647427117981
0.467631625286142
0.433614024103929
0.359594623676951
0.405573424110811
0.451550425511102
0.49752562798341
0.423499031633312
0.349470636566376
0.395440442888163
0.401408450704225
0.407374660120107
0.413339071241344
0.379301684173464
0.385262499021986
0.431221515892421
0.477178734890271
0.523134156121032
0.529087779690189
0.535039605703221
0.540989634265597
0.54693786548278
0.472884299460221
0.478828936303366
0.444771776117652
0.490712819008507
0.496652065081352
0.502589514441598
0.50852516719465
0.514459023445902
0.480391083300743
0.486321346864551
0.492249814242697
0.458176485540543
0.464101360863444
0.510024440316747
0.555945724005787
0.521865212035897
0.527782904512395
0.533698801540597
0.459612903225806
0.42552520967332
0.431435720988427
0.477344437276406
0.44325135864253
0.449156485192063
0.49505981703026
0.420961354262369
0.466861096993628
0.512759045329268
0.558655199374511
0.524549559234573
0.570442125014659
0.616332896819968
0.662221874755688
0.628109058927001
0.553994449439081
0.519878046397092
0.565759849906191
0.531639860071528
0.457518076998241
0.383394500791464
0.42926913155632
0.475141969397925
0.441013014421386
0.366882266731803
0.372749726434266
0.378615393633859
0.384479268435656
0.430341350944723
0.43620164126612
0.482060139504894
0.48791684576609
0.453771760154739
0.459624882775867
0.425476213734493
0.431325753135623
0.39717350108426
0.403019457685395
0.448863623044013
0.414705997265091
0.460546580453595
0.466385372714487
0.512222374152716
0.558057584873227
0.563891004980955
0.569722634580827
0.53555247377776
0.541380522676667
0.507206781382449
0.47303125
0.478853928634206
0.444674817389946
0.410493916372088
0.456311225685493
0.502126745435016
0.467940475725501
0.433752416661785
0.439562568348696
0.445370930891054
0.411177504393673
0.416982288961356
0.462785284698899
0.468586491711089
0.514385910102706
0.520183539978522
0.445979381443299
0.491773434601792
0.497565699558749
0.503356176418907
0.509144865286997
0.514931766267742
0.560716879465855
0.566500204986041
0.492281742933
0.49806149341142
0.503839456525983
0.549615632381361
0.555390021082221
0.521162622733217
0.486933437439001
0.41270246530421
0.418469706433479
0.464235160931431
0.469998828902682
0.47576071045184
0.481520805683504
0.527279114702266
0.573035637612709
0.458790374519409
0.464543325526932
0.470294490739837
0.516043870262675
0.481791464199988
0.487537272656311
0.453281295736169
0.499023533544081
0.504763986184557
0.510502653762098
0.476239536381198
0.481974634146341
0.487707947162007
0.493439475532662
0.499169219362769
0.50489717875678
0.55062335381914
0.556347744654284
0.442070351366643
0.407791174060634
0.453510212840672
0.499227467811159
0.464942939076491
0.390656626741056
0.356368530909233
0.402078651685393
0.3677869891739
0.373493543479109
0.419198314705366
0.38490130295701
0.430602508338372
0.476301930953774
0.441999570907531
0.487695428303948
0.493389503247323
0.499081795841947
0.464772306192101
0.470461034402059
0.436147980576087
0.481833144818441
0.52751652723337
0.533198127925117
0.578877946997913
0.544555984555985
0.550232240703547
0.555906715544809
0.481579409183972
0.487250321725227
0.452919453272759
0.498586803930744
0.46425237380335
0.469916162994736
0.515578171609054
0.521238399750448
0.446896847523054
0.452553515030998
0.498208402378399
0.50386150966937
0.509512837008012
0.435162384498421
0.440810152244683
0.486456140350877
0.532100348921074
0.577742778059335
0.503383427869715
0.509022298456261
0.474659389923009
0.520294702373991
0.525928235913228
0.491559990644734
0.457189966672514
0.502818164100565
0.468444583032878
0.434069223573433
0.439692085826204
0.485313169895155
0.490932475884244
0.41655000389742
0.462165754038623
0.467779726411785
0.433391921120832
0.43900233826968
0.484610977962238
0.530217840302404
0.575822925394073
0.501426233341127
0.547027764247443
0.432627518216888
0.438225495353323
0.443821695760598
0.409416119542559
0.415008766803039
0.420599637645867
0.466188732174862
0.471776050493834
0.477361592706588
0.482945358916918
0.488527349228612
0.534107563745447
0.539686002571195
0.505262665809618
0.430837553564472
0.476410665939503
0.521982003038448
0.487551564965039
0.493119351822998
0.458685363716039
0.464249600747867
0.469812063022182
0.475372750642673
0.480931663713023
0.486488802336904
0.452044166617982
0.457597756659916
0.463149572566354
0.428699614440939
0.394247882387304
0.399794376509074
0.445339096909866
0.49088204369329
0.496423216962947
0.50196261682243
0.507500243375324
0.513036096725205
0.558570176975644
0.5241024842302
0.489633018592427
0.535161780165868
0.460688769054062
0.506213985360536
0.51173742918881
0.437259100642398
0.482778999824804
0.448297126839523
0.493813481790045
0.45932806477985
0.504840875912409
0.550351915291187
0.555861183019639
0.601368679201215
0.566874403939353
0.572378357337485
0.497880539499037
0.543380950527422
0.428879590526049
0.434376459598319
0.399871557847621
0.44536488537734
0.410856442290852
0.456346228691523
0.501834244682714
0.547320490367776
0.552804965850052
0.558287671232877
0.483768606619579
0.449247772113476
0.454725167817881
0.460200793836096
0.505674650271417
0.471146737227129
0.396617054806514
0.442085603112841
0.407552382249373
0.453017392319365
0.418480633426065
0.34394210567271
0.389401809162533
0.434859743998755
0.480315910284592
0.525770308123249
0.491222937617927
0.496673798871815
0.422122891988096
0.467570217069945
0.473015774220528
0.438459563543004
0.443901585140523
0.449341839116228
0.494780325573254
0.540217044614726
0.545651996343764
0.551085180863477
0.596516598276969
0.601946248687332
0.527374132197655
0.492800248911014
0.458224598930481
0.463647182359118
0.509067999299979
0.474487049856109
0.479904334130549
0.445319852226327
0.410733604246466
0.41614559029398
0.421555810471876
0.466964264883151
0.472370953630796
0.437775876817793
0.403179034547116
0.448580426921731
0.493980054044596
0.499377916018662
0.544774012946871
0.590168344932157
0.515560912077445
0.560951714485654
0.526340752259695
0.531728025502469
0.49711353431687
0.502497278805784
0.427879259072091
0.393259475218659
0.398637927348351
0.444014615564021
0.489389539968515
0.494762700664671
0.50013409775532
0.545503731343284
0.470871601531376
0.476237708422403
0.521602052119163
0.566964632724446
0.612325450341035
0.537684505071703
0.423041797019218
0.388397326286336
0.433751092975809
0.479103097190378
0.524453339032778
0.449801818605736
0.455148536011968
0.420493491354187
0.425836684735094
0.431178116257383
0.436517786023741
0.441855694136846
0.487191840699369
0.492526225813972
0.497858849583309
0.463189712110028
0.388518813496766
0.433846153846154
0.439171733260815
0.404495551843363
0.449817609696405
0.495137906922539
0.540456443624357
0.54577321990444
0.551088235865364
0.556401491609695
0.521712987239993
0.487022722858808
0.452330698568682
0.377636914472151
0.422941370671742
0.428244067269973
0.433545004369356
0.478844182072394
0.484141600481581
0.489437259699406
0.534731159828346
0.500023300970874
0.465313683229452
0.430602306706536
0.435889171504573
0.441174277726002
0.446457625473255
0.451739214848755
0.497019045954919
0.542297118894152
0.507573433768856
0.512847990681421
0.518120789734231
0.523391831029663
0.528661114670083
0.453928640757852
0.499194409395322
0.504458420684836
0.50972067472873
0.554981171629333
0.560239911488965
0.565496894409938
0.490752120494556
0.456005589845115
0.461257302563904
0.426507258753202
0.431755458515284
0.477001901952412
0.522246589166845
0.487489520260829
0.492730695336607
0.45797011449641
0.383207777842464
0.348443685476985
0.393677837502183
0.358910234020259
0.404140875133405
0.449369760943806
0.494596891553641
0.539822267065078
0.545045887580279
0.550267753201397
0.555487864030578
0.560706220169958
0.485922821721669
0.531137668787832
0.49635076147056
0.501562099871959
0.546771684094128
0.471979514239156
0.437185590409125
0.482389912706111
0.487592481232178
0.532793296089386
0.537992357379784
0.583189665205416
0.548385219668315
0.51357902087051
0.478771068914017
0.52396136390085
0.529149905933009
0.41433669511249
0.419521731541281
0.344705015321361
0.3898865465547
0.315066325343263
0.320244351789004
0.325420625993872
0.370595148059806
0.375767918088737
0.42093893618259
0.426108202443281
0.471275716972717
0.476441479872799
0.521605491245419
0.566767751192461
0.531928259815802
0.53708701721731
0.542244023498846
0.587399278762263
0.632552783109405
0.597704536642109
0.562854539462205
0.488002791671513
0.533149293371847
0.538294044665012
0.543437045652806
0.548578296437018
0.553717797119429
0.478855547801814
0.483991548585939

0.483991548585939
0.329125799573561
0.37425830086643
0.379389052566289
0.424518054774873
0.469645307593906
0.514770811125109
0.519894565470192
0.525016570730856
0.490136827008799
0.415255334405706
0.420372093023256
0.425487102963121
0.430600364326964
0.435711877216441
0.360821641733199
0.405929657978878
0.45103592605511
0.456140446063519
0.46124321810572
0.506344242283323
0.471443518697927
0.476541047451125
0.521636828644501
0.566730862379633
0.571823148758089
0.57691368788143
0.622002479851209
0.627089524768972
0.512174822736255
0.477258373854588
0.482340178225494
0.407420235950485
0.412498547131068
0.457575111868741
0.462649930264993
0.387723002421308
0.432794328439159
0.477863908420013
0.442931742465329
0.487997830676558
0.533062173155142
0.498124770002518
0.503185621320112
0.508244727209343
0.433302087771623
0.478357703108357
0.523411573320939
0.488463698510758
0.493514078779194
0.418562714227619
0.423609604957397
0.428654751069886
0.473698152666434
0.438739809848382
0.483779722717063
0.488817891373802
0.533854315919916
0.538888996456716
0.543921933085502
0.508953125907568
0.473982575024201
0.399010280536679
0.444036242546271
0.489060461154241
0.494082936461842
0.459103668570322
0.46412265758092
0.469139903594866
0.514155406713384
0.439169167037689
0.44418118466899
0.409191459708484
0.454199992257365
0.459206782416817
0.504211830288015
0.389215135972128
0.434216699570317
0.439216521183734
0.444214600913525
0.449210938860826
0.494205535126766
0.459198389812467
0.504189503019043
0.509178874847599
0.514166505399234
0.519152394775036
0.524136543076089
0.569118950403468
0.534099616858238
0.539078542541458
0.58405572755418
0.469031171997446
0.434004875972292
0.438976839579746
0.483947062920827
0.488915546096546
0.533882289207909
0.458847292355912
0.463810555641542
0.50877207916578
0.5137318630296
0.558689907333965
0.523646212179834
0.448600777668156
0.453553603899872
0.458504690975916
0.503454038997215
0.508401648064685
0.473347518279237
0.398291649741775
0.443234042553191
0.368174696814375
0.413113612626204
0.37805079008955
0.422986229305276
0.427919930374238
0.472851893397285
0.477782118475255
0.482710605708981
0.487637355199288
0.492562367046993
0.497485641352904
0.502407178217822
0.507326977742541
0.512245040027846
0.477161365174514
0.522075953283317
0.566988804455015
0.571899918790363
0.576809296390108
0.541716937354988
0.506622841785735
0.511527009783071
0.516429441447712
0.561330136880365
0.52622909618173
0.5311263194525
0.496021806793357
0.38091555830498
0.385807574088036
0.430697854243186
0.435586398871083
0.320473208072373
0.365358281947693
0.410241620597673
0.455123224122934
0.460003092624092
0.424881226201751
0.429757624956512
0.474632288988964
0.479505218399691
0.484376413289268
0.449245873758262
0.454113599907234
0.458979591836735
0.503843849647309
0.468706373439493
0.433567163313815
0.478426219370797
0.483283541710951
0.528139130434783
0.53299298564279
0.537845107435461
0.54269549591328
0.467544151176721
0.472391073326249
0.517236262462323
0.482079718685395
0.446921442095908
0.411761432794297
0.456599690880989
0.461436216456405
0.466271009620957
0.51110407047505
0.515935399119079
0.520764995653434
0.485592860178496
0.490418992794638
0.455243393602225
0.500066062701617
0.504887000193162
0.549706206177203
0.474523680754076
0.479339424024105
0.524153436087612
0.488965717044906
0.493776266996292
0.498585086042065
0.503392174282514
0.508197531817918
0.553001158748552
0.557803055174678
0.482603221196555
0.487401656914431
0.532198362428549
0.576993337839143
0.421786583246437
0.386578098750652
0.391367884451997
0.356155940450675
0.360942266846882
0.365726863740804
0.410509731232623
0.455290869422509
0.500070278410627
0.544847958297133
0.549623909182176
0.474398131165898
0.51917062434843
0.5239413888299
0.448710424710425
0.493477732090114
0.418243311069071
0.423007161747389
0.467769284225156
0.512529678602451
0.437288344979346
0.482045283455904
0.44680049413218
0.491553977108224
0.456305732484076
0.461055760359769
0.465804060835328
0.510550634010769
0.475295479986104
0.520038598861334
0.524779990736452
0.529519655711446
0.534257593886294
0.538993805360968
0.46372829023543
0.508461048609637
0.433192080583536
0.437921386257067
0.442648965730164
0.48737481910275
0.452098946474742
0.416821347946051
0.421542023616578
0.466260973586216
0.430978197954852
0.435693696822365
0.480407470288625
0.405119518453495
0.449829841416831
0.49453843927848
0.539245312138282
0.54395046009607
0.508653883251669
0.513355581704894
0.558055555555556
0.442753804903455
0.407450329848385
0.452145130490134
0.456838206928478
0.501529559263188
0.466219187594028
0.470907092020753
0.515593272643111
0.56027772956084
0.564960462873674
0.609641472681337
0.574320759083546
0.538998322180009
0.463674162070428
0.468348278854498
0.433020672631904
0.397691343502324
0.402360291565429
0.447027516920882
0.491693019668338
0.536356799907445
0.541018857737843
0.545679193259164
0.550337806571032
0.474994697773065
0.439649866964871
0.444303314246052
0.448955039716203
0.453605043474908
0.458253325621747
0.42289988625629
0.4675447254781
0.512187843386733
0.556829240081737
0.481468915662651
0.446106870229008
0.370743103880332
0.415377616716142
0.460010408835945
0.504641480339244
0.509270831325533
0.513898461894299
0.558524372145019
0.483148562177164
0.447771032090199
0.372391781983579
0.337010811956752
0.381628122109158
0.42624371254023
0.470857583349393
0.515469734636064
0.560080166499653
0.564688879039562
0.489295872355186
0.49390114654591
0.498504701711115
0.463106537950171
0.427706655362442
0.432305054047284
0.476901734104046
0.401496695632069
0.406089938730685
0.41068146349922
0.455271270036991
0.49985935844331
0.504445728817478
0.50903038125879
0.513613315866533
0.478194532739987
0.482774031978424
0.527351813681108
0.491927877947295
0.536502224876235
0.581074854567169
0.62564576711933
0.630214962631944
0.59478244120423
0.559348202935398
0.523912247924652
0.488474576271186
0.53303518807419
0.417594083432842
0.422151262446315
0.426706725213774
0.471260471834377
0.435812502407272
0.480362817031602
0.484911415806501
0.529458298831096
0.454003466204506
0.418546918025842
0.423088654394208
0.4676286754087
0.472166981168406
0.476703571772408
0.481238447319778
0.445771607909583
0.49030305364088
0.494832784612719
0.539360800924143
0.463887102674188
0.428411689961881
0.472934562886241
0.517455721546281
0.521975166041005
0.446492896469411
0.491008912930487
0.495523215523215
0.500035804346571
0.464546679499519
0.469055841081019
0.393563289190022
0.398069023925471
0.442573045386303
0.407075353671446
0.411575948879821
0.456074831110341
0.500572000461912
0.54506745703343
0.589561200923787
0.554053232231866
0.558543551056541
0.44303215749668
0.447519051651143
0.492004233618782
0.496487703498441
0.460969461388958
0.465449507389163
0.349927841597876
0.394404464113912
0.438879375036078
0.483352574463172
0.527824062493987
0.492293839227306
0.536761904761905
0.501228259196552
0.505692902630009
0.55015583516103
0.554617056888359
0.479076567910735
0.523534368326889
0.527990458235543
0.492444837735413
0.496897506925208
0.501348465903626
0.345797714769361
0.350245253621098
0.394691082557513
0.439135201677278
0.443577611079054
0.448018310861495
0.49245730112325
0.536894581962956
0.581330153479248
0.625764015770747
0.550196168936072
0.434626613073831
0.479055348282626
0.483482374661051
0.527907692307692
0.572331301321128
0.616753201799931
0.541173393842663
0.545591877547881
0.510008653014133
0.474423720339961
0.438837079623897
0.443248730964467
0.48765867446019
0.532066910209575
0.496473438311127
0.540878258863339
0.585281371964701
0.589682777713692
0.554082476208786
0.478480467548447
0.482876751831132
0.407271329155292
0.41166419961937
0.336055363321799
0.380444820361008
0.424832570835416
0.389218614843435
0.433602952483469
0.397985583853916
0.402366509053166
0.366745728179599
0.371123241331591
0.415499048607507
0.419873150105708
0.464245545924545
0.428616236162362
0.472985220917495
0.517352500288273
0.481718074373018
0.486081943270044
0.450444107077656
0.454804565894154
0.459163319817829
0.463520368946964
0.467875713379835
0.472229353214711
0.476581288549853
0.480931519483514
0.48528004611394
0.489626868539369
0.493971986858032
0.538315401168152
0.542657111567946
0.46699711815562
0.511335421029375
0.515672020287405
0.520006916027895
0.484340108349022
0.528671597348958
0.533001383125864
0.497329465777897
0.541655845403204
0.505980522099925
0.510303495966193
0.474624767100133
0.478944335599862
0.48326220156349
0.447578365089121
0.451892826274849
0.456205585218761
0.460516642018937
0.42482599677345
0.469133649580365
0.513439600537738
0.517743849743619
0.522046397296052
0.486347243293069
0.5306463878327
0.494943831012962
0.459239572931869
0.503533613687424
0.507825953377626
0.512116592100463
0.516405529953917
0.560692767035963
0.524978303444568
0.529262139277691
0.493544274633285
0.497824709609293
0.462103444303652
0.386380478814291
0.390655813239134
0.434929447676093
0.439201382223075
0.403471616977981
0.447740152038701
0.492006987503119
0.496272123469114
0.460535560034552
0.424797297297297
0.389057335355203
0.433315674306115
0.477572314247874
0.481827255278311
0.52608049749525
0.530332040996507
0.574581885879892
0.578830032243206
0.543076480184243
0.587321229800791
0.471564281190627
0.435805634451524
0.480045289681245
0.484283246977547
0.40851950643818
0.452754068160884
0.496986932243394
0.461218098783436
0.46544756787873
0.389675339626986
0.393901414125909
0.438125791473195
0.442348471766534
0.366569455103607
0.410788741582088
0.415006331299643
0.419222224353932
0.463436420842606
0.387648920863309
0.391859724513678
0.396068831891342
0.400276243093923
0.444481958219034
0.488685977364282
0.492888300627266
0.537088928105578
0.581287859896802
0.545485096098515
0.589680636808286
0.593874482123677
0.558066632142241
0.602257086961525
0.486445846679069
0.530632911392405
0.494818281199056
0.45900195619654
0.503183936482366
0.547364222154035
0.551542813309042
0.595719710044874
0.59989491245901
0.484068420648922
0.528240234712075
0.572410354745925
0.616578780847922
0.660745513115508
0.504910551646118
0.429073896537178
0.393235547886109
0.357395505790321
0.361553770347221
0.405710341654205
0.369865219808662
0.414018404907975
0.41816989704952
0.462319696330662
0.466467802848763
0.470614216701173
0.514758937985239
0.518901966798298
0.523043303237679
0.527182947400705
0.531320899384692
0.455457159286947
0.459591727204769
0.383724603235452
0.387855787476281
0.431985280024533
0.43611308097748
0.440239190432383
0.404363608486498
0.408486335237073
0.452607370781349
0.496726715216558
0.500844368639926
0.464960331148672
0.469074602840005
0.51318718381113
0.557298074159241
0.441407273981528
0.40551478337517
0.449620602437342
0.493724731265209
0.41782716995593
0.421927918606656
0.426026977314531
0.47012434617669
0.514220025290263
0.558314014752371
0.522406314660127
0.486496925110639
0.490585846201004
0.494673078028315
0.538758620689655
0.502842474282102
0.506924638902724
0.511005114648583
0.555083901616734
0.559160999904224
0.563236409608091
0.487310130825368
0.45138216365308
0.415452508188243
0.379521164527868
0.383588132768957
0.387653413008504
0.431717005343497
0.435778909870916
0.439839126687733
0.443897655890915
0.447954497577417
0.452009651844192
0.49606311878818
0.500114898506319
0.504164991095536
0.548213396652752
0.592260115274879
0.556305147058824
0.480348492101484
0.524390150499751
0.528430122350508
0.492468407750632
0.53650500679699
0.540539919586445
0.504573146215849
0.508604686782049
0.512634541381885
0.516662710112187
0.520689193069781
0.524713990351482
0.5287371020541
0.492758528274436
0.456778269109286
0.500796324655436
0.504812695009667
0.508827380268749
0.472840380529449
0.516851695888523
0.560861326442722
0.484869272288788
0.408875533523456
0.372880110243454
0.376883002545503
0.380884210526316
0.424883734282597
0.428881573911046
0.432877729508354
0.436872201171202
0.400864988996268
0.444856093080221
0.44884551351972
0.45283325041142
0.456819303851968
0.460803673938002
0.424786360766154
0.468767364433049
0.472746685035302
0.516724322669524
0.440700277432316
0.444674549420273
0.488647138729983
0.412618045458024
0.33658726970097
0.380554811555385
0.424520671117828
0.468484848484848
0.512447343752989
0.556408157018786
0.600367288378766
0.524324737929451
0.528280505767355
0.532234591988982
0.536186996690832
0.540137719969396
0.544086761921157
0.468034122642592
0.51197980223017
0.475923800780353
0.519866118389596
0.563806755154343
0.607745711171037
0.491682986536108
0.495618581345981
0.499552495697074
0.463484729685797
0.467415283408552
0.431344156961735
0.435271350441733
0.439196863944928
0.443120697567692
0.48704285140639
0.450963325557383
0.414882120117019
0.458799235181644
0.502714670847594
0.466628427211196
0.510540504368774
0.514450902416641
0.558359621451104
0.602266661568463
0.566172022865008
0.490075705437027
0.493977709380795
0.457878034792583
0.461776681768653
0.505673650405261
0.469568940798654
0.433462553045074
0.477354487240753
0.481244743481918
0.485133321864786
0.449020222485569
0.492905445440471
